# Time-averaged data for fix 2
# TimeStep Number-of-rows
# Row c_myPDF[1] c_myPDF[2] c_myPDF[3]
100000 1000
1 0.005 0 0
2 0.015 0 0
3 0.025 0 0
4 0.035 0 0
5 0.045 0 0
6 0.055 0 0
7 0.065 0 0
8 0.075 0 0
9 0.085 0 0
10 0.095 0 0
11 0.105 0 0
12 0.115 0 0
13 0.125 0 0
14 0.135 0 0
15 0.145 0 0
16 0.155 0 0
17 0.165 0 0
18 0.175 0 0
19 0.185 0 0
20 0.195 0 0
21 0.205 0 0
22 0.215 0 0
23 0.225 0 0
24 0.235 0 0
25 0.245 0 0
26 0.255 0 0
27 0.265 0 0
28 0.275 0 0
29 0.285 0 0
30 0.295 0 0
31 0.305 0 0
32 0.315 0 0
33 0.325 0 0
34 0.335 0 0
35 0.345 0 0
36 0.355 0 0
37 0.365 0 0
38 0.375 0 0
39 0.385 0 0
40 0.395 0 0
41 0.405 0 0
42 0.415 0 0
43 0.425 0 0
44 0.435 0 0
45 0.445 0 0
46 0.455 0 0
47 0.465 0 0
48 0.475 0 0
49 0.485 0 0
50 0.495 0 0
51 0.505 0 0
52 0.515 0 0
53 0.525 0 0
54 0.535 0 0
55 0.545 0 0
56 0.555 0 0
57 0.565 0 0
58 0.575 0 0
59 0.585 0 0
60 0.595 0 0
61 0.605 0 0
62 0.615 0 0
63 0.625 0 0
64 0.635 0 0
65 0.645 0 0
66 0.655 0 0
67 0.665 0 0
68 0.675 0 0
69 0.685 0 0
70 0.695 0 0
71 0.705 0 0
72 0.715 0 0
73 0.725 0 0
74 0.735 0 0
75 0.745 0 0
76 0.755 0 0
77 0.765 0 0
78 0.775 0 0
79 0.785 0 0
80 0.795 0 0
81 0.805 0 0
82 0.815 0 0
83 0.825 0 0
84 0.835 0 0
85 0.845 0 0
86 0.855 0 0
87 0.865 0 0
88 0.875 0 0
89 0.885 0 0
90 0.895 0 0
91 0.905 0 0
92 0.915 0 0
93 0.925 0 0
94 0.935 0 0
95 0.945 0 0
96 0.955 0 0
97 0.965 0 0
98 0.975 0 0
99 0.985 0 0
100 0.995 0 0
101 1.005 0 0
102 1.015 0 0
103 1.025 0 0
104 1.035 0 0
105 1.045 0 0
106 1.055 0 0
107 1.065 0 0
108 1.075 0 0
109 1.085 0 0
110 1.095 0 0
111 1.105 0 0
112 1.115 0 0
113 1.125 0 0
114 1.135 0 0
115 1.145 0 0
116 1.155 0 0
117 1.165 0 0
118 1.175 0 0
119 1.185 0 0
120 1.195 0 0
121 1.205 0 0
122 1.215 0 0
123 1.225 0 0
124 1.235 0 0
125 1.245 0 0
126 1.255 0 0
127 1.265 0 0
128 1.275 0 0
129 1.285 0 0
130 1.295 0 0
131 1.305 0 0
132 1.315 0 0
133 1.325 0 0
134 1.335 0 0
135 1.345 0 0
136 1.355 0 0
137 1.365 0 0
138 1.375 0 0
139 1.385 0 0
140 1.395 0 0
141 1.405 0 0
142 1.415 0 0
143 1.425 0 0
144 1.435 0 0
145 1.445 0 0
146 1.455 0 0
147 1.465 0 0
148 1.475 0 0
149 1.485 0 0
150 1.495 0 0
151 1.505 0 0
152 1.515 0 0
153 1.525 0 0
154 1.535 0 0
155 1.545 0 0
156 1.555 0 0
157 1.565 0 0
158 1.575 0 0
159 1.585 0 0
160 1.595 0 0
161 1.605 0 0
162 1.615 0 0
163 1.625 0 0
164 1.635 0 0
165 1.645 0 0
166 1.655 0 0
167 1.665 0 0
168 1.675 0 0
169 1.685 0 0
170 1.695 0 0
171 1.705 0 0
172 1.715 0 0
173 1.725 0 0
174 1.735 0 0
175 1.745 0 0
176 1.755 0 0
177 1.765 0 0
178 1.775 0 0
179 1.785 0 0
180 1.795 0 0
181 1.805 0 0
182 1.815 0 0
183 1.825 0 0
184 1.835 0 0
185 1.845 0 0
186 1.855 0 0
187 1.865 0 0
188 1.875 0 0
189 1.885 0 0
190 1.895 0 0
191 1.905 0 0
192 1.915 0 0
193 1.925 0 0
194 1.935 0 0
195 1.945 0 0
196 1.955 0 0
197 1.965 0 0
198 1.975 0 0
199 1.985 0 0
200 1.995 0 0
201 2.005 0 0
202 2.015 0 0
203 2.025 0 0
204 2.035 0 0
205 2.045 0 0
206 2.055 0 0
207 2.065 0 0
208 2.075 0 0
209 2.085 0 0
210 2.095 0 0
211 2.105 0 0
212 2.115 0 0
213 2.125 0 0
214 2.135 0 0
215 2.145 0 0
216 2.155 0 0
217 2.165 0 0
218 2.175 0 0
219 2.185 0 0
220 2.195 0 0
221 2.205 0 0
222 2.215 0 0
223 2.225 0 0
224 2.235 0 0
225 2.245 0 0
226 2.255 0 0
227 2.265 0 0
228 2.275 0 0
229 2.285 0 0
230 2.295 0 0
231 2.305 0 0
232 2.315 0 0
233 2.325 0 0
234 2.335 0 0
235 2.345 0 0
236 2.355 0 0
237 2.365 0 0
238 2.375 0 0
239 2.385 0 0
240 2.395 0 0
241 2.405 0 0
242 2.415 0 0
243 2.425 0 0
244 2.435 0 0
245 2.445 0 0
246 2.455 0 0
247 2.465 0 0
248 2.475 0 0
249 2.485 0 0
250 2.495 0 0
251 2.505 0 0
252 2.515 0 0
253 2.525 0 0
254 2.535 0 0
255 2.545 0 0
256 2.555 0 0
257 2.565 0 0
258 2.575 0 0
259 2.585 0 0
260 2.595 0 0
261 2.605 0 0
262 2.615 0 0
263 2.625 0 0
264 2.635 0 0
265 2.645 0 0
266 2.655 0 0
267 2.665 0 0
268 2.675 0 0
269 2.685 0 0
270 2.695 0 0
271 2.705 0 0
272 2.715 0 0
273 2.725 0 0
274 2.735 0 0
275 2.745 0 0
276 2.755 0 0
277 2.765 0 0
278 2.775 0 0
279 2.785 0 0
280 2.795 0 0
281 2.805 0 0
282 2.815 0 0
283 2.825 0 0
284 2.835 0 0
285 2.845 0 0
286 2.855 0 0
287 2.865 0 0
288 2.875 0 0
289 2.885 0 0
290 2.895 0 0
291 2.905 0 0
292 2.915 0 0
293 2.925 0 0
294 2.935 0 0
295 2.945 0 0
296 2.955 0 0
297 2.965 0 0
298 2.975 0 0
299 2.985 0 0
300 2.995 0 0
301 3.005 0 0
302 3.015 0 0
303 3.025 0 0
304 3.035 0 0
305 3.045 0 0
306 3.055 0 0
307 3.065 0 0
308 3.075 0 0
309 3.085 0 0
310 3.095 0 0
311 3.105 0 0
312 3.115 0 0
313 3.125 0 0
314 3.135 0 0
315 3.145 0 0
316 3.155 0 0
317 3.165 0 0
318 3.175 0 0
319 3.185 0 0
320 3.195 0 0
321 3.205 0 0
322 3.215 0 0
323 3.225 0 0
324 3.235 0 0
325 3.245 0 0
326 3.255 0 0
327 3.265 0 0
328 3.275 3.7611e-05 1e-06
329 3.285 2.09341e-05 1.56e-06
330 3.295 5.35043e-05 3e-06
331 3.305 0.00010193 5.76e-06
332 3.315 0.000252557 1.264e-05
333 3.325 0.000477267 2.572e-05
334 3.335 0.000686225 4.464e-05
335 3.345 0.00140752 8.368e-05
336 3.355 0.0020342 0.00014044
337 3.365 0.00332462 0.00023376
338 3.375 0.00513379 0.00037872
339 3.385 0.00735248 0.00058756
340 3.395 0.0116743 0.00092112
341 3.405 0.0162766 0.00138892
342 3.415 0.0218944 0.00202188
343 3.425 0.0292978 0.00287384
344 3.435 0.0397616 0.00403684
345 3.445 0.0535148 0.00561124
346 3.455 0.0696281 0.0076716
347 3.465 0.0890154 0.0103209
348 3.475 0.116675 0.0138135
349 3.485 0.147151 0.0182438
350 3.495 0.182949 0.0237835
351 3.505 0.225634 0.0306549
352 3.515 0.269879 0.0389206
353 3.525 0.325377 0.048943
354 3.535 0.38777 0.060955
355 3.545 0.449857 0.0749692
356 3.555 0.530276 0.091582
357 3.565 0.620809 0.111141
358 3.575 0.709107 0.133607
359 3.585 0.810368 0.159425
360 3.595 0.910996 0.188611
361 3.605 1.03388 0.221918
362 3.615 1.14049 0.258865
363 3.625 1.26506 0.300074
364 3.635 1.39297 0.3457
365 3.645 1.51567 0.395618
366 3.655 1.65267 0.450348
367 3.665 1.78679 0.509843
368 3.675 1.92309 0.574227
369 3.685 2.05207 0.643303
370 3.695 2.18467 0.717243
371 3.705 2.31885 0.796149
372 3.715 2.44659 0.879853
373 3.725 2.57135 0.968298
374 3.735 2.69153 1.06138
375 3.745 2.80054 1.15874
376 3.755 2.92352 1.26093
377 3.765 3.01961 1.36703
378 3.775 3.10678 1.47678
379 3.785 3.1981 1.59036
380 3.795 3.28153 1.70752
381 3.805 3.36256 1.8282
382 3.815 3.42477 1.95176
383 3.825 3.49366 2.07847
384 3.835 3.55176 2.20796
385 3.845 3.60446 2.34006
386 3.855 3.63843 2.47409
387 3.865 3.66633 2.60986
388 3.875 3.69774 2.7475
389 3.885 3.70999 2.88631
390 3.895 3.72468 3.02639
391 3.905 3.72503 3.1672
392 3.915 3.72808 3.30884
393 3.925 3.71837 3.45085
394 3.935 3.69937 3.59284
395 3.945 3.68435 3.73498
396 3.955 3.65033 3.87653
397 3.965 3.62856 4.01794
398 3.975 3.60412 4.15911
399 3.985 3.5672 4.29953
400 3.995 3.53731 4.43948
401 4.005 3.49829 4.57858
402 4.015 3.44989 4.71644
403 4.025 3.41004 4.85339
404 4.035 3.3553 4.98881
405 4.045 3.29907 5.12262
406 4.055 3.24618 5.25493
407 4.065 3.19497 5.38581
408 4.075 3.14654 5.51533
409 4.085 3.08774 5.64306
410 4.095 3.04112 5.76948
411 4.105 2.97741 5.89385
412 4.115 2.92112 6.01647
413 4.125 2.87397 6.13769
414 4.135 2.80666 6.25665
415 4.145 2.74613 6.37361
416 4.155 2.68737 6.48862
417 4.165 2.63023 6.60173
418 4.175 2.58222 6.7133
419 4.185 2.51966 6.8227
420 4.195 2.46277 6.93013
421 4.205 2.41336 7.03592
422 4.215 2.35409 7.13959
423 4.225 2.31197 7.2419
424 4.235 2.25604 7.3422
425 4.245 2.2043 7.44067
426 4.255 2.15237 7.53727
427 4.265 2.1004 7.63198
428 4.275 2.05051 7.72488
429 4.285 2.00688 7.81622
430 4.295 1.95913 7.90581
431 4.305 1.91354 7.99372
432 4.315 1.86261 8.07969
433 4.325 1.8117 8.1637
434 4.335 1.76764 8.24604
435 4.345 1.73381 8.32718
436 4.355 1.70092 8.40715
437 4.365 1.66075 8.48559
438 4.375 1.61898 8.56241
439 4.385 1.57835 8.63764
440 4.395 1.5388 8.71132
441 4.405 1.49974 8.78346
442 4.415 1.46938 8.85446
443 4.425 1.43688 8.92421
444 4.435 1.40292 8.99261
445 4.445 1.36965 9.0597
446 4.455 1.34583 9.12591
447 4.465 1.31005 9.19065
448 4.475 1.28267 9.25433
449 4.485 1.2597 9.31714
450 4.495 1.22314 9.3784
451 4.505 1.19444 9.4385
452 4.515 1.17313 9.49778
453 4.525 1.14828 9.55606
454 4.535 1.12907 9.61362
455 4.545 1.10102 9.67
456 4.555 1.07065 9.72507
457 4.565 1.05052 9.77934
458 4.575 1.02587 9.83257
459 4.585 1.00315 9.88484
460 4.595 0.983491 9.93632
461 4.605 0.966269 9.98711
462 4.615 0.950305 10.0373
463 4.625 0.923933 10.0863
464 4.635 0.905967 10.1345
465 4.645 0.890536 10.1822
466 4.655 0.875996 10.2292
467 4.665 0.85578 10.2754
468 4.675 0.844119 10.3211
469 4.685 0.82704 10.3661
470 4.695 0.812683 10.4105
471 4.705 0.795222 10.4542
472 4.715 0.784075 10.4974
473 4.725 0.765924 10.5398
474 4.735 0.752005 10.5816
475 4.745 0.74342 10.623
476 4.755 0.72471 10.6637
477 4.765 0.712134 10.7037
478 4.775 0.704907 10.7436
479 4.785 0.693629 10.783
480 4.795 0.683599 10.8219
481 4.805 0.672506 10.8604
482 4.815 0.660162 10.8983
483 4.825 0.650252 10.9359
484 4.835 0.642127 10.9731
485 4.845 0.633202 11.0099
486 4.855 0.625746 11.0465
487 4.865 0.616616 11.0827
488 4.875 0.606873 11.1184
489 4.885 0.599648 11.1539
490 4.895 0.593574 11.1892
491 4.905 0.586588 11.2241
492 4.915 0.580027 11.2589
493 4.925 0.568845 11.2931
494 4.935 0.563783 11.3271
495 4.945 0.55668 11.3609
496 4.955 0.553392 11.3945
497 4.965 0.54746 11.428
498 4.975 0.542686 11.4613
499 4.985 0.534838 11.4942
500 4.995 0.529362 11.527
501 5.005 0.527455 11.5597
502 5.015 0.522947 11.5923
503 5.025 0.513979 11.6245
504 5.035 0.509081 11.6565
505 5.045 0.505497 11.6884
506 5.055 0.503615 11.7203
507 5.065 0.502079 11.7522
508 5.075 0.498436 11.784
509 5.085 0.492653 11.8156
510 5.095 0.486921 11.847
511 5.105 0.488061 11.8785
512 5.115 0.482952 11.9098
513 5.125 0.481333 11.9411
514 5.135 0.480216 11.9725
515 5.145 0.477043 12.0038
516 5.155 0.477566 12.0353
517 5.165 0.478035 12.0669
518 5.175 0.476594 12.0986
519 5.185 0.473661 12.1301
520 5.195 0.471796 12.1617
521 5.205 0.46803 12.1931
522 5.215 0.465384 12.2245
523 5.225 0.458482 12.2555
524 5.235 0.458604 12.2867
525 5.245 0.459972 12.318
526 5.255 0.455529 12.3492
527 5.265 0.451899 12.3803
528 5.275 0.452371 12.4115
529 5.285 0.45182 12.4428
530 5.295 0.450951 12.4741
531 5.305 0.449498 12.5055
532 5.315 0.449926 12.537
533 5.325 0.450018 12.5686
534 5.335 0.448346 12.6002
535 5.345 0.447035 12.6319
536 5.355 0.448054 12.6637
537 5.365 0.446835 12.6956
538 5.375 0.447238 12.7277
539 5.385 0.450641 12.7601
540 5.395 0.452292 12.7927
541 5.405 0.45325 12.8255
542 5.415 0.456469 12.8587
543 5.425 0.45458 12.8919
544 5.435 0.4541 12.9251
545 5.445 0.454717 12.9585
546 5.455 0.456494 12.9922
547 5.465 0.453238 13.0258
548 5.475 0.457403 13.0597
549 5.485 0.460688 13.0941
550 5.495 0.459218 13.1285
551 5.505 0.45813 13.1629
552 5.515 0.460778 13.1976
553 5.525 0.462507 13.2326
554 5.535 0.463389 13.2678
555 5.545 0.464381 13.3032
556 5.555 0.465545 13.3388
557 5.565 0.469043 13.3748
558 5.575 0.472752 13.4113
559 5.585 0.4755 13.448
560 5.595 0.473128 13.4847
561 5.605 0.473943 13.5217
562 5.615 0.4785 13.5591
563 5.625 0.479137 13.5966
564 5.635 0.4844 13.6348
565 5.645 0.486811 13.6732
566 5.655 0.488081 13.7119
567 5.665 0.488969 13.7508
568 5.675 0.488401 13.7898
569 5.685 0.494712 13.8294
570 5.695 0.498493 13.8695
571 5.705 0.501204 13.91
572 5.715 0.500891 13.9505
573 5.725 0.502281 13.9913
574 5.735 0.510099 14.0329
575 5.745 0.512894 14.0749
576 5.755 0.512836 14.117
577 5.765 0.516062 14.1595
578 5.775 0.517801 14.2023
579 5.785 0.521404 14.2456
580 5.795 0.521941 14.289
581 5.805 0.524309 14.3328
582 5.815 0.530381 14.3773
583 5.825 0.530035 14.4218
584 5.835 0.538001 14.4672
585 5.845 0.537497 14.5128
586 5.855 0.548676 14.5594
587 5.865 0.55109 14.6064
588 5.875 0.554666 14.6538
589 5.885 0.557993 14.7018
590 5.895 0.56275 14.7502
591 5.905 0.564185 14.799
592 5.915 0.569614 14.8484
593 5.925 0.573128 14.8983
594 5.935 0.578731 14.9488
595 5.945 0.58414 15
596 5.955 0.585732 15.0515
597 5.965 0.590014 15.1035
598 5.975 0.594862 15.1562
599 5.985 0.599169 15.2094
600 5.995 0.604546 15.2632
601 6.005 0.606889 15.3175
602 6.015 0.611076 15.3723
603 6.025 0.618604 15.4279
604 6.035 0.619995 15.4839
605 6.045 0.626551 15.5407
606 6.055 0.635913 15.5985
607 6.065 0.645374 15.6573
608 6.075 0.651019 15.7169
609 6.085 0.655893 15.7771
610 6.095 0.661948 15.838
611 6.105 0.665725 15.8996
612 6.115 0.67273 15.9619
613 6.125 0.679056 16.0251
614 6.135 0.684701 16.0889
615 6.145 0.691423 16.1537
616 6.155 0.699911 16.2194
617 6.165 0.709042 16.2862
618 6.175 0.713538 16.3536
619 6.185 0.716328 16.4216
620 6.195 0.726377 16.4907
621 6.205 0.736149 16.5609
622 6.215 0.746848 16.6325
623 6.225 0.754699 16.7049
624 6.235 0.76411 16.7786
625 6.245 0.772013 16.8532
626 6.255 0.778499 16.9287
627 6.265 0.78194 17.0048
628 6.275 0.792571 17.0822
629 6.285 0.801669 17.1607
630 6.295 0.811767 17.2404
631 6.305 0.824857 17.3217
632 6.315 0.833224 17.4041
633 6.325 0.837348 17.4871
634 6.335 0.845142 17.5712
635 6.345 0.85691 17.6567
636 6.355 0.867266 17.7435
637 6.365 0.877529 17.8317
638 6.375 0.88517 17.9208
639 6.385 0.894359 18.0112
640 6.395 0.904099 18.1029
641 6.405 0.913366 18.1958
642 6.415 0.921633 18.2898
643 6.425 0.930592 18.385
644 6.435 0.944449 18.482
645 6.445 0.955825 18.5804
646 6.455 0.965695 18.6801
647 6.465 0.977464 18.7814
648 6.475 0.988242 18.8841
649 6.485 1.00026 18.9884
650 6.495 1.00859 19.0939
651 6.505 1.01527 19.2004
652 6.515 1.02595 19.3083
653 6.525 1.03506 19.4175
654 6.535 1.04599 19.5283
655 6.545 1.06104 19.6409
656 6.555 1.06649 19.7545
657 6.565 1.07764 19.8697
658 6.575 1.08679 19.9861
659 6.585 1.09473 20.1038
660 6.595 1.11098 20.2236
661 6.605 1.11979 20.3447
662 6.615 1.12863 20.4671
663 6.625 1.13757 20.5909
664 6.635 1.14983 20.7164
665 6.645 1.15917 20.8433
666 6.655 1.16824 20.9715
667 6.665 1.17574 21.101
668 6.675 1.18482 21.2319
669 6.685 1.19636 21.3644
670 6.695 1.20453 21.4982
671 6.705 1.21839 21.634
672 6.715 1.2244 21.7709
673 6.725 1.22925 21.9087
674 6.735 1.23541 22.0476
675 6.745 1.24807 22.1884
676 6.755 1.25355 22.3301
677 6.765 1.26057 22.4732
678 6.775 1.26293 22.6169
679 6.785 1.27026 22.7618
680 6.795 1.27747 22.908
681 6.805 1.28537 23.0556
682 6.815 1.29494 23.2047
683 6.825 1.30122 23.3549
684 6.835 1.30965 23.5066
685 6.845 1.31862 23.6598
686 6.855 1.32278 23.8138
687 6.865 1.32547 23.9687
688 6.875 1.32985 24.1245
689 6.885 1.3347 24.2813
690 6.895 1.33785 24.439
691 6.905 1.33911 24.5973
692 6.915 1.34178 24.7563
693 6.925 1.34528 24.9163
694 6.935 1.34213 25.0763
695 6.945 1.34735 25.2374
696 6.955 1.35185 25.3995
697 6.965 1.35291 25.5622
698 6.975 1.35616 25.7257
699 6.985 1.35439 25.8895
700 6.995 1.36075 26.0546
701 7.005 1.35653 26.2196
702 7.015 1.35654 26.3851
703 7.025 1.3593 26.5514
704 7.035 1.35769 26.7179
705 7.045 1.36308 26.8856
706 7.055 1.36089 27.0535
707 7.065 1.36506 27.2224
708 7.075 1.36484 27.3918
709 7.085 1.35947 27.561
710 7.095 1.36015 27.7307
711 7.105 1.36133 27.901
712 7.115 1.36159 28.0719
713 7.125 1.36321 28.2435
714 7.135 1.36168 28.4153
715 7.145 1.36477 28.588
716 7.155 1.36369 28.7611
717 7.165 1.36747 28.9351
718 7.175 1.36917 29.1098
719 7.185 1.36211 29.2841
720 7.195 1.36213 29.4589
721 7.205 1.36136 29.6341
722 7.215 1.36071 29.8097
723 7.225 1.36088 29.9858
724 7.235 1.36125 30.1625
725 7.245 1.35627 30.3389
726 7.255 1.35638 30.5159
727 7.265 1.35502 30.6932
728 7.275 1.3535 30.8708
729 7.285 1.35277 31.0487
730 7.295 1.35233 31.2271
731 7.305 1.34846 31.4055
732 7.315 1.34612 31.5841
733 7.325 1.35081 31.7637
734 7.335 1.35082 31.9439
735 7.345 1.35471 32.1251
736 7.355 1.34824 32.3059
737 7.365 1.34571 32.4868
738 7.375 1.34536 32.6682
739 7.385 1.34362 32.8499
740 7.395 1.34131 33.0317
741 7.405 1.34279 33.2142
742 7.415 1.34273 33.3972
743 7.425 1.34427 33.581
744 7.435 1.3373 33.7642
745 7.445 1.33508 33.9477
746 7.455 1.33678 34.1318
747 7.465 1.33891 34.3168
748 7.475 1.33586 34.5018
749 7.485 1.3381 34.6876
750 7.495 1.33507 34.8736
751 7.505 1.33501 35.06
752 7.515 1.33768 35.2472
753 7.525 1.33269 35.4343
754 7.535 1.33053 35.6216
755 7.545 1.33382 35.8098
756 7.555 1.32961 35.9979
757 7.565 1.32912 36.1865
758 7.575 1.32429 36.3749
759 7.585 1.3211 36.5633
760 7.595 1.31614 36.7515
761 7.605 1.32094 36.9408
762 7.615 1.31662 37.1301
763 7.625 1.31333 37.3194
764 7.635 1.31321 37.5092
765 7.645 1.31051 37.699
766 7.655 1.30851 37.8891
767 7.665 1.307 38.0795
768 7.675 1.30047 38.2694
769 7.685 1.29564 38.459
770 7.695 1.29285 38.6488
771 7.705 1.28625 38.8381
772 7.715 1.28153 39.0272
773 7.725 1.28042 39.2166
774 7.735 1.27156 39.4052
775 7.745 1.26544 39.5934
776 7.755 1.26372 39.7818
777 7.765 1.26183 39.9704
778 7.775 1.25969 40.1591
779 7.785 1.25115 40.3471
780 7.795 1.2484 40.5351
781 7.805 1.24396 40.723
782 7.815 1.23886 40.9106
783 7.825 1.23461 41.098
784 7.835 1.22765 41.2848
785 7.845 1.21768 41.4705
786 7.855 1.21589 41.6565
787 7.865 1.20755 41.8417
788 7.875 1.20261 42.0266
789 7.885 1.19327 42.2105
790 7.895 1.18866 42.3941
791 7.905 1.18334 42.5774
792 7.915 1.17438 42.7598
793 7.925 1.16468 42.9412
794 7.935 1.16152 43.1224
795 7.945 1.15287 43.3028
796 7.955 1.14568 43.4826
797 7.965 1.13872 43.6617
798 7.975 1.13209 43.8401
799 7.985 1.12669 44.0182
800 7.995 1.12193 44.196
801 8.005 1.11464 44.3731
802 8.015 1.11027 44.5499
803 8.025 1.10267 44.7259
804 8.035 1.08857 44.9001
805 8.045 1.08114 45.0736
806 8.055 1.07475 45.2464
807 8.065 1.06546 45.4182
808 8.075 1.05782 45.5892
809 8.085 1.05167 45.7596
810 8.095 1.04397 45.9292
811 8.105 1.03428 46.0976
812 8.115 1.02679 46.2653
813 8.125 1.02416 46.4329
814 8.135 1.01743 46.5998
815 8.145 1.00968 46.7658
816 8.155 1.00025 46.9307
817 8.165 0.991217 47.0945
818 8.175 0.985853 47.2578
819 8.185 0.978447 47.4203
820 8.195 0.969684 47.5818
821 8.205 0.96757 47.7432
822 8.215 0.957121 47.9034
823 8.225 0.947056 48.0622
824 8.235 0.944459 48.221
825 8.245 0.937192 48.3789
826 8.255 0.930528 48.5361
827 8.265 0.921517 48.6921
828 8.275 0.915203 48.8475
829 8.285 0.906629 49.0017
830 8.295 0.897722 49.1549
831 8.305 0.892711 49.3075
832 8.315 0.885551 49.4593
833 8.325 0.879958 49.6105
834 8.335 0.878158 49.7617
835 8.345 0.870335 49.9119
836 8.355 0.866026 50.0618
837 8.365 0.858708 50.2107
838 8.375 0.853733 50.3592
839 8.385 0.846556 50.5067
840 8.395 0.842697 50.654
841 8.405 0.838489 50.8008
842 8.415 0.833558 50.9471
843 8.425 0.827478 51.0927
844 8.435 0.82358 51.238
845 8.445 0.819634 51.3829
846 8.455 0.812563 51.5269
847 8.465 0.808741 51.6705
848 8.475 0.802657 51.8134
849 8.485 0.797188 51.9557
850 8.495 0.796215 52.0981
851 8.505 0.791235 52.24
852 8.515 0.785929 52.3813
853 8.525 0.782406 52.5222
854 8.535 0.778315 52.6628
855 8.545 0.77435 52.8029
856 8.555 0.770819 52.9428
857 8.565 0.766302 53.0821
858 8.575 0.766096 53.2218
859 8.585 0.763038 53.3612
860 8.595 0.759413 53.5003
861 8.605 0.752878 53.6385
862 8.615 0.749826 53.7764
863 8.625 0.748242 53.9144
864 8.635 0.746982 54.0525
865 8.645 0.746477 54.1908
866 8.655 0.742864 54.3287
867 8.665 0.739874 54.4664
868 8.675 0.737049 54.6039
869 8.685 0.735254 54.7414
870 8.695 0.732633 54.8787
871 8.705 0.733026 55.0164
872 8.715 0.732015 55.1542
873 8.725 0.727648 55.2915
874 8.735 0.725205 55.4287
875 8.745 0.722579 55.5657
876 8.755 0.722632 55.703
877 8.765 0.719528 55.84
878 8.775 0.720138 55.9775
879 8.785 0.718109 56.1149
880 8.795 0.71768 56.2525
881 8.805 0.717376 56.3903
882 8.815 0.713364 56.5278
883 8.825 0.713665 56.6655
884 8.835 0.714257 56.8037
885 8.845 0.712684 56.942
886 8.855 0.710653 57.0801
887 8.865 0.709119 57.2182
888 8.875 0.708418 57.3566
889 8.885 0.709478 57.4954
890 8.895 0.713211 57.6353
891 8.905 0.713028 57.7754
892 8.915 0.713339 57.916
893 8.925 0.712361 58.0566
894 8.935 0.713687 58.1979
895 8.945 0.713055 58.3393
896 8.955 0.715022 58.4815
897 8.965 0.715858 58.6241
898 8.975 0.715878 58.767
899 8.985 0.716523 58.9104
900 8.995 0.719593 59.0547
901 9.005 0.721067 59.1997
902 9.015 0.722758 59.3453
903 9.025 0.72638 59.492
904 9.035 0.729673 59.6396
905 9.045 0.729454 59.7876
906 9.055 0.731096 59.9362
907 9.065 0.733591 60.0856
908 9.075 0.734369 60.2355
909 9.085 0.735217 60.3859
910 9.095 0.738453 60.5374
911 9.105 0.74008 60.6895
912 9.115 0.741766 60.8422
913 9.125 0.743494 60.9957
914 9.135 0.745469 61.1499
915 9.145 0.749855 61.3054
916 9.155 0.750746 61.4613
917 9.165 0.753992 61.6183
918 9.175 0.75701 61.7763
919 9.185 0.76097 61.9354
920 9.195 0.763584 62.0955
921 9.205 0.766872 62.2566
922 9.215 0.767886 62.4182
923 9.225 0.771361 62.5809
924 9.235 0.774996 62.7448
925 9.245 0.780429 62.9101
926 9.255 0.782633 63.0763
927 9.265 0.786098 63.2436
928 9.275 0.789537 63.4119
929 9.285 0.792102 63.5812
930 9.295 0.793517 63.7512
931 9.305 0.796943 63.9222
932 9.315 0.802576 64.0949
933 9.325 0.80614 64.2686
934 9.335 0.810541 64.4437
935 9.345 0.814312 64.62
936 9.355 0.817282 64.7973
937 9.365 0.82028 64.9756
938 9.375 0.82613 65.1556
939 9.385 0.830999 65.3371
940 9.395 0.832112 65.5191
941 9.405 0.838388 65.703
942 9.415 0.842079 65.888
943 9.425 0.846792 66.0745
944 9.435 0.849503 66.2619
945 9.445 0.854338 66.4509
946 9.455 0.86008 66.6415
947 9.465 0.863904 66.8333
948 9.475 0.867346 67.0263
949 9.485 0.873103 67.2211
950 9.495 0.880349 67.4178
951 9.505 0.883552 67.6157
952 9.515 0.889193 67.8153
953 9.525 0.894703 68.0165
954 9.535 0.897515 68.2187
955 9.545 0.902903 68.4227
956 9.555 0.906127 68.6277
957 9.565 0.908438 68.8338
958 9.575 0.9117 69.041
959 9.585 0.91818 69.2501
960 9.595 0.923513 69.4608
961 9.605 0.928133 69.6731
962 9.615 0.931635 69.8866
963 9.625 0.936556 70.1017
964 9.635 0.942115 70.3185
965 9.645 0.948591 70.5372
966 9.655 0.954599 70.7578
967 9.665 0.960229 70.9802
968 9.675 0.966169 71.2044
969 9.685 0.971916 71.4304
970 9.695 0.976441 71.6579
971 9.705 0.978789 71.8864
972 9.715 0.982737 72.1163
973 9.725 0.988505 72.3481
974 9.735 0.994071 72.5816
975 9.745 0.997985 72.8166
976 9.755 1.00147 73.0528
977 9.765 1.0081 73.2911
978 9.775 1.01395 73.5313
979 9.785 1.01833 73.773
980 9.795 1.02367 74.0164
981 9.805 1.02701 74.2612
982 9.815 1.03318 74.5079
983 9.825 1.03401 74.7553
984 9.835 1.03959 75.0046
985 9.845 1.04542 75.2558
986 9.855 1.05154 75.5089
987 9.865 1.05411 75.7632
988 9.875 1.05933 76.0193
989 9.885 1.06015 76.2761
990 9.895 1.06796 76.5353
991 9.905 1.07343 76.7964
992 9.915 1.07685 77.0588
993 9.925 1.08276 77.3232
994 9.935 1.08965 77.5898
995 9.945 1.09313 77.8578
996 9.955 1.09614 78.1271
997 9.965 1.10237 78.3985
998 9.975 1.1065 78.6714
999 9.985 1.10959 78.9456
1000 9.995 1.11241 79.2211
